-1,-1,-1,-1,-1,-1,-1,-1,-1,-1,-1,-1,-1,-1,-1,-1,-1,-1,-1,234,235,-1,-1,-1,-1,-1,-1,-1,-1,-1,-1,-1,-1,-1,-1,-1,-1,-1,-1,-1
-1,-1,-1,155,156,-1,-1,306,-1,-1,-1,-1,-1,-1,-1,-1,155,156,-1,244,245,-1,-1,-1,-1,-1,-1,-1,-1,-1,-1,-1,-1,-1,-1,-1,-1,-1,-1,-1
-1,-1,-1,306,-1,-1,-1,-1,-1,-1,155,156,-1,155,156,-1,-1,-1,-1,-1,259,-1,-1,-1,-1,-1,-1,-1,-1,-1,-1,-1,-1,-1,-1,-1,-1,-1,-1,-1
-1,-1,-1,-1,-1,-1,-1,-1,-1,-1,-1,-1,-1,-1,-1,-1,-1,-1,-1,-1,-1,-1,-1,-1,-1,-1,-1,-1,-1,-1,-1,-1,-1,-1,-1,-1,-1,-1,-1,-1
-1,-1,-1,-1,-1,-1,-1,-1,-1,-1,-1,155,156,-1,-1,-1,-1,-1,-1,-1,-1,-1,-1,-1,-1,-1,-1,-1,-1,-1,-1,-1,-1,-1,-1,-1,-1,-1,-1,-1
-1,155,156,-1,-1,-1,-1,-1,-1,-1,-1,-1,-1,-1,-1,-1,-1,-1,-1,-1,-1,-1,-1,-1,-1,-1,-1,-1,-1,-1,-1,-1,-1,-1,-1,-1,-1,-1,-1,-1
-1,-1,-1,-1,-1,-1,-1,-1,-1,-1,-1,-1,-1,-1,-1,-1,155,156,-1,-1,-1,-1,-1,-1,-1,-1,-1,-1,-1,-1,-1,-1,-1,-1,-1,-1,-1,-1,-1,-1
-1,-1,306,-1,-1,-1,-1,-1,-1,-1,-1,-1,-1,306,-1,-1,-1,-1,-1,-1,-1,-1,-1,-1,-1,-1,-1,-1,-1,-1,-1,-1,-1,-1,-1,-1,-1,-1,-1,-1
155,156,-1,-1,-1,-1,-1,-1,-1,-1,-1,-1,-1,-1,155,156,-1,-1,155,156,258,259,260,-1,-1,-1,-1,-1,-1,-1,-1,-1,-1,-1,-1,-1,-1,258,259,260
-1,-1,269,270,-1,-1,-1,-1,-1,-1,-1,-1,-1,-1,-1,-1,-1,-1,-1,-1,-1,-1,-1,-1,-1,-1,-1,-1,-1,-1,-1,-1,-1,-1,-1,-1,-1,-1,-1,-1
-1,-1,273,274,-1,-1,-1,-1,-1,-1,-1,-1,306,-1,-1,-1,-1,-1,-1,-1,-1,-1,-1,-1,-1,-1,-1,-1,-1,-1,-1,-1,-1,-1,-1,-1,-1,-1,-1,-1
-1,-1,-1,-1,-1,155,156,-1,-1,-1,-1,-1,-1,-1,-1,155,156,-1,-1,-1,-1,-1,-1,-1,258,-1,-1,-1,-1,-1,-1,-1,-1,-1,-1,-1,-1,-1,-1,-1
-1,-1,-1,-1,-1,-1,-1,-1,-1,-1,-1,-1,-1,-1,-1,-1,-1,-1,-1,-1,-1,-1,-1,-1,258,-1,-1,-1,-1,-1,-1,-1,-1,-1,-1,-1,-1,-1,-1,-1
-1,-1,-1,-1,288,288,288,-1,-1,288,288,288,288,-1,-1,-1,-1,-1,-1,-1,-1,-1,-1,-1,-1,-1,-1,-1,-1,-1,-1,-1,-1,-1,-1,-1,-1,-1,-1,-1
-1,-1,288,288,-1,-1,-1,-1,-1,-1,-1,-1,-1,288,288,-1,-1,-1,-1,-1,-1,288,288,288,288,-1,-1,-1,-1,-1,-1,-1,-1,-1,-1,-1,-1,-1,-1,-1
288,288,288,-1,-1,-1,-1,-1,-1,-1,-1,-1,-1,-1,-1,288,288,288,288,288,288,-1,-1,-1,-1,-1,-1,-1,-1,-1,-1,-1,-1,-1,-1,-1,-1,-1,-1,-1
-1,-1,-1,306,-1,-1,-1,-1,-1,-1,-1,-1,-1,-1,-1,-1,-1,-1,-1,-1,-1,-1,12,-1,-1,-1,-1,-1,-1,-1,-1,-1,-1,-1,-1,-1,-1,-1,-1,-1
-1,-1,-1,-1,-1,-1,-1,-1,-1,-1,-1,-1,-1,-1,-1,-1,155,156,-1,258,-1,-1,-1,-1,-1,258,259,260,-1,-1,-1,-1,-1,-1,-1,-1,-1,-1,-1,-1
-1,-1,-1,-1,-1,-1,-1,-1,-1,-1,-1,-1,155,156,-1,-1,-1,-1,-1,-1,-1,-1,-1,-1,-1,-1,-1,-1,303,-1,-1,-1,-1,-1,-1,-1,-1,-1,-1,12
-1,292,293,294,299,300,-1,-1,-1,-1,-1,-1,-1,-1,-1,-1,-1,-1,-1,-1,-1,-1,155,156,-1,-1,12,-1,302,182,183,184,185,186,187,-1,155,156,-1,-1
-1,295,296,297,298,-1,302,-1,-1,-1,-1,-1,-1,-1,306,-1,155,156,-1,-1,-1,-1,-1,-1,306,-1,-1,-1,303,188,189,190,191,192,193,-1,-1,-1,-1,-1
-1,-1,-1,-1,-1,-1,303,302,-1,-1,-1,-1,-1,-1,-1,-1,-1,-1,-1,-1,-1,-1,-1,-1,-1,-1,-1,-1,302,194,195,196,197,198,199,-1,-1,258,-1,-1
-1,-1,-1,-1,-1,-1,-1,-1,-1,-1,-1,-1,-1,-1,-1,-1,-1,-1,-1,-1,-1,-1,-1,-1,-1,-1,-1,-1,-1,-1,-1,-1,-1,-1,-1,-1,-1,-1,-1,-1
-1,-1,-1,-1,-1,-1,-1,155,156,-1,-1,-1,-1,-1,-1,-1,-1,-1,-1,-1,-1,-1,-1,-1,-1,-1,-1,-1,-1,-1,-1,-1,-1,-1,-1,-1,-1,-1,155,156
-1,-1,-1,-1,-1,-1,-1,-1,-1,-1,-1,-1,-1,-1,-1,-1,-1,-1,-1,-1,-1,200,201,202,-1,-1,-1,-1,-1,-1,-1,-1,-1,-1,-1,-1,-1,-1,-1,-1
-1,-1,-1,-1,-1,-1,-1,-1,-1,-1,305,-1,-1,-1,-1,-1,-1,-1,-1,-1,-1,203,204,205,-1,-1,-1,-1,-1,-1,-1,-1,-1,-1,-1,-1,-1,-1,-1,-1
-1,-1,-1,-1,-1,-1,-1,-1,-1,-1,-1,-1,-1,-1,-1,-1,155,156,-1,306,-1,206,207,208,-1,-1,-1,-1,-1,-1,-1,-1,-1,-1,-1,-1,155,156,-1,-1
-1,-1,-1,-1,-1,-1,-1,-1,258,-1,-1,-1,-1,-1,-1,-1,-1,-1,-1,-1,-1,-1,-1,-1,-1,-1,-1,-1,-1,-1,-1,-1,-1,-1,-1,-1,-1,-1,-1,-1
-1,-1,-1,-1,-1,258,-1,306,-1,-1,155,156,-1,-1,258,-1,-1,-1,-1,-1,-1,-1,-1,-1,-1,155,156,-1,-1,-1,-1,258,-1,-1,-1,258,-1,-1,-1,-1
288,288,288,288,288,288,288,288,288,288,288,288,288,288,288,288,288,288,288,288,288,288,288,288,288,288,288,288,288,288,-1,-1,-1,305,-1,-1,-1,-1,155,156
