-1,-1,-1,-1,-1,-1,-1,-1,-1,-1,-1,-1,-1,-1,-1,-1,-1,-1,-1,-1,-1,-1,-1,-1,-1,-1,-1,-1,-1,-1,-1,-1,-1,-1,-1,-1,-1,-1,-1,-1
-1,-1,-1,-1,-1,-1,164,164,-1,-1,-1,-1,-1,-1,-1,-1,-1,-1,-1,-1,-1,-1,-1,-1,-1,-1,-1,-1,-1,-1,146,-1,-1,-1,-1,-1,-1,-1,-1,-1
-1,-1,-1,-1,164,164,-1,164,164,-1,-1,-1,-1,-1,-1,-1,-1,-1,-1,-1,-1,-1,158,-1,-1,157,-1,155,156,-1,-1,-1,-1,-1,-1,-1,-1,-1,-1,-1
-1,-1,-1,164,164,-1,164,164,164,-1,-1,167,166,166,166,166,166,166,166,166,165,-1,-1,-1,-1,-1,-1,-1,-1,-1,-1,-1,155,156,-1,-1,-1,-1,-1,-1
-1,-1,164,164,164,-1,164,-1,164,-1,164,164,164,164,164,164,164,164,164,164,164,164,164,164,164,-1,-1,164,-1,-1,-1,-1,-1,-1,-1,143,144,145,-1,-1
-1,164,164,164,-1,-1,164,-1,164,164,-1,164,164,164,164,164,164,164,164,164,164,164,-1,164,-1,-1,-1,-1,-1,-1,-1,-1,-1,-1,-1,-1,-1,-1,-1,-1
-1,-1,164,164,164,-1,-1,164,-1,164,-1,164,164,164,164,164,164,164,164,164,164,164,164,-1,-1,-1,164,-1,-1,-1,-1,-1,-1,-1,-1,-1,-1,-1,-1,-1
-1,-1,-1,164,164,-1,-1,164,-1,-1,-1,168,163,163,163,163,163,163,163,161,162,164,-1,164,-1,164,-1,-1,-1,-1,-1,-1,-1,-1,-1,-1,-1,-1,-1,-1
-1,-1,-1,-1,164,164,164,-1,-1,-1,-1,-1,-1,-1,-1,-1,-1,-1,-1,-1,-1,-1,-1,-1,-1,-1,-1,-1,164,-1,-1,-1,-1,-1,155,156,-1,-1,-1,-1
-1,-1,-1,-1,-1,-1,-1,-1,-1,-1,-1,-1,-1,-1,-1,-1,-1,-1,-1,-1,-1,-1,146,-1,-1,-1,-1,-1,-1,-1,-1,-1,-1,-1,-1,-1,-1,-1,-1,-1
-1,-1,-1,-1,-1,-1,-1,-1,-1,-1,-1,-1,-1,-1,-1,-1,-1,-1,-1,-1,-1,-1,-1,-1,164,-1,-1,-1,-1,-1,-1,-1,-1,-1,-1,-1,-1,-1,-1,-1
-1,-1,-1,-1,-1,-1,-1,-1,-1,-1,-1,-1,-1,-1,-1,-1,-1,-1,-1,-1,-1,-1,-1,-1,-1,-1,-1,-1,-1,158,-1,-1,-1,-1,-1,-1,-1,-1,-1,-1
-1,-1,-1,-1,-1,-1,-1,-1,-1,-1,-1,-1,-1,-1,-1,-1,-1,-1,-1,-1,-1,-1,-1,-1,-1,-1,-1,-1,-1,-1,-1,-1,-1,-1,-1,-1,-1,-1,-1,-1
-1,-1,-1,-1,-1,-1,-1,-1,-1,-1,-1,-1,-1,-1,-1,-1,-1,-1,-1,-1,-1,-1,-1,-1,-1,-1,-1,164,-1,-1,-1,-1,-1,-1,-1,-1,-1,-1,158,-1
-1,-1,-1,-1,-1,-1,-1,-1,-1,-1,-1,-1,-1,-1,-1,-1,-1,-1,-1,-1,11,143,144,145,-1,-1,-1,-1,-1,-1,-1,-1,-1,-1,-1,-1,-1,-1,-1,-1
-1,-1,-1,-1,-1,-1,-1,-1,147,-1,-1,-1,-1,155,156,-1,-1,-1,-1,-1,-1,-1,-1,-1,11,4,4,4,4,5,-1,-1,-1,4,4,5,-1,-1,-1,-1
-1,-1,-1,-1,-1,-1,151,152,-1,155,156,-1,-1,-1,-1,151,152,-1,158,-1,-1,-1,-1,-1,164,-1,-1,-1,147,-1,-1,-1,-1,151,152,-1,146,151,152,-1
-1,151,152,-1,155,156,-1,-1,-1,-1,-1,151,152,-1,-1,-1,-1,-1,-1,-1,151,152,-1,-1,-1,-1,-1,-1,-1,-1,-1,-1,-1,-1,-1,-1,-1,-1,-1,-1
-1,-1,-1,-1,-1,-1,-1,-1,-1,-1,-1,-1,147,-1,-1,148,-1,-1,-1,-1,-1,-1,-1,-1,-1,-1,-1,-1,-1,-1,-1,-1,-1,-1,-1,-1,-1,-1,147,-1
-1,-1,148,-1,-1,-1,-1,-1,-1,-1,-1,-1,-1,-1,-1,-1,-1,-1,-1,-1,-1,-1,-1,-1,-1,148,-1,-1,-1,-1,-1,148,-1,-1,-1,-1,-1,-1,-1,-1
-1,-1,-1,-1,-1,-1,-1,-1,-1,-1,-1,-1,-1,-1,-1,-1,-1,-1,-1,-1,-1,-1,-1,-1,-1,-1,-1,-1,-1,-1,-1,-1,-1,-1,-1,164,-1,-1,-1,-1
-1,-1,-1,-1,-1,-1,-1,-1,-1,-1,-1,-1,-1,-1,-1,-1,-1,-1,-1,-1,-1,-1,-1,-1,-1,-1,-1,-1,-1,-1,-1,-1,-1,-1,-1,-1,-1,-1,-1,-1
-1,-1,-1,-1,-1,-1,-1,-1,-1,-1,-1,-1,-1,-1,-1,-1,-1,-1,-1,-1,-1,147,-1,-1,-1,-1,-1,-1,151,152,-1,-1,-1,-1,-1,146,-1,-1,147,-1
-1,155,156,-1,-1,-1,-1,-1,-1,-1,-1,-1,155,156,-1,-1,-1,-1,-1,-1,-1,-1,-1,-1,-1,-1,-1,-1,-1,-1,-1,-1,-1,-1,-1,-1,-1,-1,-1,-1
-1,-1,-1,-1,-1,-1,-1,-1,-1,-1,-1,-1,-1,-1,-1,-1,-1,-1,-1,-1,-1,-1,-1,-1,-1,-1,-1,-1,-1,-1,-1,-1,-1,-1,-1,-1,-1,-1,-1,-1
-1,-1,147,-1,-1,-1,-1,147,-1,-1,-1,-1,-1,-1,-1,-1,-1,148,-1,147,-1,-1,-1,-1,-1,-1,-1,-1,-1,-1,160,-1,147,-1,-1,-1,-1,-1,-1,-1
-1,-1,-1,-1,-1,-1,-1,-1,-1,-1,-1,-1,-1,-1,-1,-1,-1,-1,-1,-1,-1,-1,-1,-1,-1,-1,-1,-1,-1,-1,-1,-1,-1,-1,-1,-1,-1,-1,-1,-1
-1,-1,-1,-1,-1,-1,-1,-1,-1,-1,-1,-1,-1,-1,-1,-1,-1,-1,-1,-1,-1,-1,-1,-1,-1,-1,158,-1,-1,-1,-1,-1,-1,-1,-1,143,144,145,-1,-1
-1,-1,-1,-1,155,156,-1,-1,147,-1,-1,-1,-1,-1,158,-1,-1,-1,-1,-1,155,156,-1,-1,-1,-1,-1,-1,-1,-1,146,-1,-1,-1,-1,-1,-1,-1,-1,-1
-1,-1,-1,-1,-1,-1,-1,-1,-1,-1,-1,-1,-1,-1,-1,-1,-1,-1,-1,-1,-1,-1,-1,-1,-1,-1,-1,-1,-1,-1,-1,-1,-1,-1,-1,-1,-1,-1,-1,-1
